100 4950
0 1 794721224
1 2 476814194
2 3 689950608
3 4 863861500
4 5 506283626
5 6 384926802
6 7 797796349
7 8 584620792
8 9 645643855
9 10 292827868
10 11 156980147
11 12 609973929
12 13 784239513
13 14 75786201
14 15 221270100
15 16 636351744
16 17 839644415
17 18 638844995
18 19 384245802
19 20 770835781
20 21 754269632
21 22 367942405
22 23 962290259
23 24 18960775
24 25 982046780
25 26 527894249
26 27 902338037
27 28 212793089
28 29 995750741
29 30 314195412
30 31 685103683
31 32 497565034
32 33 887633589
33 34 306346225
34 35 102151374
35 36 213447922
36 37 619060850
37 38 549236000
38 39 328803979
39 40 66825146
40 41 516157733
41 42 122548972
42 43 546951011
43 44 223588313
44 45 642508598
45 46 451058514
46 47 254248399
47 48 286340633
48 49 170014784
49 50 610980605
50 51 61676473
51 52 975794989
52 53 925284
53 54 954301041
54 55 886082688
55 56 53582826
56 57 789210653
57 58 507366743
58 59 256341537
59 60 962559821
60 61 51068723
61 62 886445428
62 63 396158342
63 64 526600339
64 65 530188208
65 66 243170034
66 67 6933950
67 68 789954203
68 69 135380571
69 70 915967290
70 71 471383765
71 72 113069772
72 73 740192862
73 74 256944788
74 75 194776221
75 76 173482869
76 77 790082480
77 78 611891154
78 79 122226623
79 80 15640289
80 81 606776948
81 82 643039784
82 83 457384197
83 84 954504499
84 85 401271262
85 86 483872070
86 87 603960942
87 88 564929437
88 89 636935735
89 90 417025070
90 91 914723434
91 92 764882859
92 93 575111482
93 94 843012845
94 95 449255783
95 96 877582198
96 97 677551885
97 98 794128165
98 99 591254615
0 2 799446040
0 3 7022701
0 4 526199793
0 5 810600818
0 6 343488989
0 7 665143481
0 8 210478410
0 9 115655446
0 10 250517773
0 11 879032621
0 12 122066866
0 13 556596439
0 14 919748514
0 15 44146009
0 16 805931509
0 17 473309633
0 18 234011499
0 19 343937735
0 20 769926399
0 21 848131282
0 22 260035846
0 23 271673764
0 24 108776570
0 25 906004813
0 26 387256521
0 27 404725792
0 28 700987879
0 29 217760253
0 30 688208210
0 31 625097747
0 32 960391004
0 33 277485889
0 34 258751798
0 35 829795035
0 36 257554361
0 37 84071666
0 38 767519409
0 39 664515017
0 40 944930072
0 41 277815064
0 42 772417671
0 43 699526046
0 44 651826175
0 45 448787226
0 46 173694412
0 47 613998828
0 48 49335691
0 49 336426020
0 50 939598314
0 51 202502134
0 52 686085220
0 53 783227881
0 54 437272514
0 55 830490920
0 56 981221312
0 57 520362501
0 58 52336011
0 59 844024276
0 60 141479641
0 61 991731978
0 62 915083177
0 63 798359912
0 64 424586025
0 65 519754013
0 66 268269297
0 67 196118081
0 68 842395046
0 69 625272949
0 70 562186200
0 71 336349037
0 72 27045470
0 73 801408551
0 74 36080688
0 75 935952056
0 76 378298142
0 77 938159257
0 78 881603796
0 79 978486157
0 80 317738639
0 81 947530335
0 82 618986280
0 83 248387113
0 84 450823765
0 85 471575618
0 86 183157707
0 87 822449526
0 88 902717536
0 89 893547522
0 90 774404355
0 91 18602906
0 92 195170495
0 93 301807992
0 94 357305074
0 95 842561458
0 96 643329843
0 97 21124700
0 98 144554795
0 99 755372811
1 3 674962943
1 4 56831497
1 5 29980348
1 6 757290352
1 7 99343209
1 8 579838605
1 9 663665879
1 10 620085041
1 11 401151081
1 12 568830261
1 13 592693635
1 14 328196414
1 15 130889078
1 16 608807833
1 17 278619164
1 18 225230206
1 19 730866059
1 20 888945769
1 21 341347068
1 22 581231067
1 23 748528353
1 24 570015579
1 25 41776767
1 26 681259768
1 27 404090290
1 28 903937849
1 29 932700416
1 30 638179560
1 31 759523162
1 32 148920499
1 33 421168213
1 34 61872178
1 35 914385077
1 36 598180886
1 37 709226196
1 38 389240201
1 39 961129004
1 40 299165204
1 41 661949798
1 42 607740379
1 43 897052577
1 44 298231275
1 45 129384669
1 46 317583697
1 47 714707834
1 48 985587821
1 49 796733628
1 50 115880163
1 51 783376673
1 52 181042313
1 53 935752491
1 54 279376076
1 55 335997576
1 56 142358224
1 57 85778132
1 58 546976047
1 59 607123586
1 60 515508026
1 61 671365581
1 62 907663028
1 63 278175389
1 64 341873270
1 65 898244503
1 66 310819313
1 67 689542250
1 68 8697276
1 69 814768584
1 70 169290180
1 71 793397372
1 72 186201291
1 73 482815779
1 74 855231730
1 75 582471848
1 76 946740351
1 77 312667096
1 78 420432751
1 79 12092476
1 80 456945515
1 81 925231776
1 82 396134458
1 83 474836402
1 84 872384180
1 85 79493781
1 86 599951262
1 87 323070321
1 88 488367740
1 89 336707139
1 90 580302476
1 91 170414063
1 92 501152721
1 93 71902018
1 94 260999670
1 95 741432891
1 96 382980467
1 97 461375653
1 98 2558701
1 99 244093225
2 4 895810841
2 5 52210289
2 6 648186743
2 7 65443701
2 8 406417761
2 9 611976828
2 10 531340197
2 11 128289451
2 12 56408119
2 13 426423186
2 14 781387380
2 15 385760911
2 16 640967228
2 17 973024376
2 18 905830670
2 19 163627410
2 20 333047815
2 21 292408992
2 22 981183165
2 23 980639013
2 24 35320587
2 25 671725963
2 26 45787850
2 27 702819850
2 28 136161614
2 29 70920495
2 30 299462683
2 31 349202183
2 32 563050860
2 33 469692777
2 34 309295924
2 35 266311463
2 36 468672058
2 37 555623671
2 38 362610193
2 39 809745671
2 40 570616646
2 41 368610245
2 42 377943022
2 43 116882915
2 44 374181701
2 45 650453750
2 46 53414973
2 47 683834967
2 48 34509434
2 49 132157454
2 50 926019111
2 51 211688836
2 52 233968728
2 53 419289869
2 54 552906840
2 55 802282237
2 56 590224710
2 57 122572716
2 58 43644902
2 59 235524217
2 60 94249669
2 61 606506412
2 62 481914470
2 63 547760311
2 64 970760241
2 65 265935614
2 66 143687016
2 67 586242821
2 68 716225881
2 69 502830174
2 70 745629141
2 71 234372743
2 72 808659320
2 73 572615631
2 74 50853458
2 75 890620597
2 76 679578359
2 77 930919041
2 78 648754737
2 79 700769407
2 80 908994208
2 81 9522060
2 82 476389278
2 83 619591439
2 84 955597440
2 85 939685215
2 86 486265669
2 87 658164153
2 88 81230491
2 89 46279683
2 90 547275463
2 91 630060279
2 92 996515292
2 93 898184912
2 94 753073433
2 95 201863116
2 96 79969919
2 97 860806954
2 98 80278583
2 99 17111164
3 5 857363401
3 6 106478829
3 7 335935018
3 8 518570165
3 9 968703882
3 10 92976983
3 11 654941358
3 12 385573442
3 13 961483164
3 14 105698393
3 15 269539176
3 16 962206480
3 17 751194757
3 18 31901236
3 19 639603835
3 20 738870889
3 21 65256695
3 22 670142825
3 23 124939847
3 24 519626084
3 25 102059351
3 26 380264161
3 27 264170191
3 28 269936447
3 29 393362760
3 30 102990479
3 31 491025438
3 32 234530704
3 33 995664070
3 34 612170674
3 35 902650670
3 36 458660173
3 37 70567921
3 38 61040286
3 39 864049573
3 40 981683722
3 41 135276730
3 42 908118879
3 43 532107152
3 44 249046381
3 45 66786452
3 46 91439380
3 47 435143259
3 48 795362775
3 49 858782022
3 50 543303327
3 51 607500332
3 52 693762771
3 53 841190252
3 54 215385411
3 55 610998882
3 56 654477834
3 57 55794967
3 58 872170722
3 59 130220654
3 60 552660601
3 61 581135574
3 62 350649204
3 63 18444784
3 64 497379859
3 65 296498165
3 66 209421923
3 67 493235636
3 68 214228601
3 69 920315544
3 70 743334645
3 71 430187227
3 72 181413969
3 73 963689024
3 74 809360253
3 75 554825913
3 76 561055528
3 77 74701913
3 78 517413697
3 79 136864466
3 80 615172744
3 81 964878740
3 82 791486460
3 83 808756095
3 84 425289035
3 85 416836308
3 86 370513279
3 87 154462276
3 88 412964039
3 89 600860856
3 90 478021220
3 91 54257257
3 92 920897229
3 93 173734743
3 94 513811032
3 95 15135493
3 96 157408840
3 97 25655749
3 98 977289955
3 99 803281492
4 6 38905888
4 7 455825998
4 8 906945272
4 9 445403345
4 10 912276356
4 11 319048959
4 12 516006501
4 13 932297592
4 14 2568923
4 15 469899312
4 16 353712477
4 17 375281509
4 18 784030006
4 19 164530025
4 20 916334879
4 21 479109415
4 22 558928242
4 23 111037839
4 24 873670141
4 25 139833449
4 26 526441096
4 27 832858680
4 28 403616048
4 29 754185525
4 30 229865793
4 31 501900776
4 32 768580014
4 33 961571782
4 34 458343207
4 35 975001482
4 36 27164688
4 37 766127908
4 38 109389538
4 39 188464152
4 40 314706782
4 41 654892365
4 42 395555284
4 43 356959385
4 44 383501024
4 45 160514603
4 46 855278393
4 47 799653744
4 48 379559058
4 49 242006987
4 50 604735106
4 51 508782060
4 52 705151918
4 53 894449876
4 54 514600789
4 55 268137928
4 56 142686390
4 57 953211199
4 58 878948091
4 59 612303616
4 60 384615356
4 61 710544438
4 62 293849310
4 63 946243867
4 64 378360355
4 65 422022143
4 66 7374351
4 67 970368355
4 68 147171
4 69 729929298
4 70 148863809
4 71 422523995
4 72 423334911
4 73 848847862
4 74 149124854
4 75 562934056
4 76 173218164
4 77 876847286
4 78 576092232
4 79 198668083
4 80 393556563
4 81 294468517
4 82 519846317
4 83 106579235
4 84 59283674
4 85 102268491
4 86 545635060
4 87 277361907
4 88 340363478
4 89 465314916
4 90 401100358
4 91 633642083
4 92 825362119
4 93 200629886
4 94 922045375
4 95 841583851
4 96 244685113
4 97 696066421
4 98 528822347
4 99 927686246
5 7 300087001
5 8 465919815
5 9 888271614
5 10 507395607
5 11 788363930
5 12 956316589
5 13 947691973
5 14 920049818
5 15 919943618
5 16 644000850
5 17 775929111
5 18 721561391
5 19 99724522
5 20 420710134
5 21 27748570
5 22 742659739
5 23 435938603
5 24 935885012
5 25 159353534
5 26 214476381
5 27 986424860
5 28 674406456
5 29 692403771
5 30 560613645
5 31 799263556
5 32 982995038
5 33 757871399
5 34 831191962
5 35 666091949
5 36 708094045
5 37 419369814
5 38 203292953
5 39 718192865
5 40 115991873
5 41 614718678
5 42 423505499
5 43 789984874
5 44 677038086
5 45 122018752
5 46 640162186
5 47 912877293
5 48 303386860
5 49 585889522
5 50 362430620
5 51 56707853
5 52 557714945
5 53 315579690
5 54 710631734
5 55 687681073
5 56 921433878
5 57 414469647
5 58 172789348
5 59 961790646
5 60 391568354
5 61 767901788
5 62 287771420
5 63 42007035
5 64 345276317
5 65 718125779
5 66 413135134
5 67 279543982
5 68 884982790
5 69 397446498
5 70 806373744
5 71 424415409
5 72 94110173
5 73 927549810
5 74 401914752
5 75 459429005
5 76 165598293
5 77 555787953
5 78 725784017
5 79 796172276
5 80 352755852
5 81 71860110
5 82 659319218
5 83 174337823
5 84 682746597
5 85 984382942
5 86 253848419
5 87 476755044
5 88 301565196
5 89 634705868
5 90 140076546
5 91 993181815
5 92 759639099
5 93 392984113
5 94 473641328
5 95 330815989
5 96 439288093
5 97 833719309
5 98 158514811
5 99 852144895
6 8 126379715
6 9 79562918
6 10 261870856
6 11 622689130
6 12 806830191
6 13 234810565
6 14 153973984
6 15 697889385
6 16 468857936
6 17 953071292
6 18 200484290
6 19 647736761
6 20 139587705
6 21 217825260
6 22 501494282
6 23 329506842
6 24 714474339
6 25 221157665
6 26 854433006
6 27 768042049
6 28 711165054
6 29 281125504
6 30 779505497
6 31 341946359
6 32 719953475
6 33 607266741
6 34 640208998
6 35 464088930
6 36 460139535
6 37 98962426
6 38 426843520
6 39 191655705
6 40 53330193
6 41 145340496
6 42 704739298
6 43 567269400
6 44 422841256
6 45 772951068
6 46 236868225
6 47 882984791
6 48 294400756
6 49 326193345
6 50 999792338
6 51 309359622
6 52 175660028
6 53 892194747
6 54 524070089
6 55 27821385
6 56 552745743
6 57 508730024
6 58 668734358
6 59 244692719
6 60 10390145
6 61 53538922
6 62 298083902
6 63 364668752
6 64 922364789
6 65 625756465
6 66 132795978
6 67 477892755
6 68 732169255
6 69 884838727
6 70 726414917
6 71 93848546
6 72 169944497
6 73 722626437
6 74 102981040
6 75 875142956
6 76 532919605
6 77 756424605
6 78 662559378
6 79 464514803
6 80 692696997
6 81 634000507
6 82 327677232
6 83 401170721
6 84 555013553
6 85 554747732
6 86 307584974
6 87 399985780
6 88 634988134
6 89 980398689
6 90 355750538
6 91 725967393
6 92 751810622
6 93 810595502
6 94 862744993
6 95 825252376
6 96 425481010
6 97 766685355
6 98 660388834
6 99 243410029
7 9 740305072
7 10 409412812
7 11 23690072
7 12 584510580
7 13 349621705
7 14 802232264
7 15 870915380
7 16 108762513
7 17 890345240
7 18 880880399
7 19 477514528
7 20 702377687
7 21 367918586
7 22 874100040
7 23 595894154
7 24 71484425
7 25 826164419
7 26 803831428
7 27 658948278
7 28 672632556
7 29 964154395
7 30 832610582
7 31 929516393
7 32 427984813
7 33 28034241
7 34 727119226
7 35 178149993
7 36 458062750
7 37 597217427
7 38 870551971
7 39 968758611
7 40 81924386
7 41 777588827
7 42 616726012
7 43 446772458
7 44 329803013
7 45 715395622
7 46 336348689
7 47 155563858
7 48 263705335
7 49 459365356
7 50 705937162
7 51 411045161
7 52 924887331
7 53 138572117
7 54 665496972
7 55 905048069
7 56 164833230
7 57 725925636
7 58 141850736
7 59 434852208
7 60 330191544
7 61 211311320
7 62 86244108
7 63 912188314
7 64 53356983
7 65 142197484
7 66 278139265
7 67 953074618
7 68 297219060
7 69 443416263
7 70 142934817
7 71 25221188
7 72 978258557
7 73 238568909
7 74 567815032
7 75 615540386
7 76 115769400
7 77 884972464
7 78 281442279
7 79 94061657
7 80 837329826
7 81 169914612
7 82 93297829
7 83 332103506
7 84 273446840
7 85 20833100
7 86 677595015
7 87 863491054
7 88 718378691
7 89 900200927
7 90 696190997
7 91 16600697
7 92 682496608
7 93 293938642
7 94 5171819
7 95 802918686
7 96 580400537
7 97 843087474
7 98 463185641
7 99 583752146
8 10 799887060
8 11 44474883
8 12 49646247
8 13 564325454
8 14 999484879
8 15 53321192
8 16 427547799
8 17 585940474
8 18 337175158
8 19 5331457
8 20 276320353
8 21 588412620
8 22 100053120
8 23 675434989
8 24 210408997
8 25 20025470
8 26 997773883
8 27 43987676
8 28 558762463
8 29 485102516
8 30 724636215
8 31 480378716
8 32 831957758
8 33 820725552
8 34 877565106
8 35 327447380
8 36 499956476
8 37 435935654
8 38 809498280
8 39 337754330
8 40 498435049
8 41 71580479
8 42 448819607
8 43 516036809
8 44 98357214
8 45 957845186
8 46 263392933
8 47 993216386
8 48 276030287
8 49 153989171
8 50 90351186
8 51 424251178
8 52 789876889
8 53 719712179
8 54 942923307
8 55 561161203
8 56 729705804
8 57 854924692
8 58 811526127
8 59 556196348
8 60 490357365
8 61 221061358
8 62 443820189
8 63 307272679
8 64 15019988
8 65 107904791
8 66 823374839
8 67 533544230
8 68 749067443
8 69 338181398
8 70 719967487
8 71 878523620
8 72 886213972
8 73 966950490
8 74 820250330
8 75 590577944
8 76 908930804
8 77 921780554
8 78 358615528
8 79 597698380
8 80 998848461
8 81 830809290
8 82 813121679
8 83 814482493
8 84 144349332
8 85 24821130
8 86 323718489
8 87 106259670
8 88 92049941
8 89 633634789
8 90 109057007
8 91 303730866
8 92 457301610
8 93 956230851
8 94 130855995
8 95 814902609
8 96 612826105
8 97 449220195
8 98 567410161
8 99 649360327
9 11 266926633
9 12 411260371
9 13 394081836
9 14 539920221
9 15 670522344
9 16 527944361
9 17 598365288
9 18 477512891
9 19 784479752
9 20 356108216
9 21 313952907
9 22 126457655
9 23 20493613
9 24 202433173
9 25 708829638
9 26 693689752
9 27 286719019
9 28 96956055
9 29 99246226
9 30 993954910
9 31 304786224
9 32 931140921
9 33 713728600
9 34 193810722
9 35 835023512
9 36 782793958
9 37 135958432
9 38 362537754
9 39 825782910
9 40 370703477
9 41 69757581
9 42 151982088
9 43 331340576
9 44 807047803
9 45 671114381
9 46 146038095
9 47 273297531
9 48 964880602
9 49 713752010
9 50 915388840
9 51 850696198
9 52 602643144
9 53 931810978
9 54 705424765
9 55 580185280
9 56 872797005
9 57 521211948
9 58 371716133
9 59 511081787
9 60 816898913
9 61 592076990
9 62 886331613
9 63 359615273
9 64 540707169
9 65 684736063
9 66 637766146
9 67 611933539
9 68 561799798
9 69 957472437
9 70 274623130
9 71 787345667
9 72 264775795
9 73 387561991
9 74 791987002
9 75 971543047
9 76 206798255
9 77 858778123
9 78 161425111
9 79 507324305
9 80 124225089
9 81 626779217
9 82 213169949
9 83 309206183
9 84 989310152
9 85 982744786
9 86 382673228
9 87 299499478
9 88 190361630
9 89 537903287
9 90 875694622
9 91 904237952
9 92 963431804
9 93 854902459
9 94 404140265
9 95 893524588
9 96 384860861
9 97 929896110
9 98 385976392
9 99 132934601
10 12 685207080
10 13 272344764
10 14 923850082
10 15 119174635
10 16 646663430
10 17 439437163
10 18 351791971
10 19 403317990
10 20 100447217
10 21 515919769
10 22 848392162
10 23 188356623
10 24 260071476
10 25 144698893
10 26 291525770
10 27 486085331
10 28 576702740
10 29 307374358
10 30 257558661
10 31 886548708
10 32 217541799
10 33 16720981
10 34 65074114
10 35 270244612
10 36 286762308
10 37 168554134
10 38 144551181
10 39 495989203
10 40 387153620
10 41 526280601
10 42 281662529
10 43 328492499
10 44 104474736
10 45 725257467
10 46 241315715
10 47 91615405
10 48 404389298
10 49 610366266
10 50 343320438
10 51 280760678
10 52 460298671
10 53 556568563
10 54 774757355
10 55 43747458
10 56 543727909
10 57 390211582
10 58 475278817
10 59 241830268
10 60 364901931
10 61 723521923
10 62 209437624
10 63 297234040
10 64 197139743
10 65 991679386
10 66 490097419
10 67 974253762
10 68 403351389
10 69 61010690
10 70 854331121
10 71 99942312
10 72 95165613
10 73 760244671
10 74 354008479
10 75 457915997
10 76 117384697
10 77 930025046
10 78 924314956
10 79 110560491
10 80 51665434
10 81 75752457
10 82 870429127
10 83 910000359
10 84 68922555
10 85 617871975
10 86 151008926
10 87 50850137
10 88 745047347
10 89 88326439
10 90 955740472
10 91 694956704
10 92 905917572
10 93 156787729
10 94 358885396
10 95 244290227
10 96 572012267
10 97 193555973
10 98 83792663
10 99 165189245
11 13 167142932
11 14 708987628
11 15 130211355
11 16 238391413
11 17 955066324
11 18 196929047
11 19 715373219
11 20 814697134
11 21 64612265
11 22 514985746
11 23 157872327
11 24 672718053
11 25 904861581
11 26 420529323
11 27 315872925
11 28 780236622
11 29 856082272
11 30 483633559
11 31 764693506
11 32 142629867
11 33 217398595
11 34 347228203
11 35 42267596
11 36 232258367
11 37 652608233
11 38 794870974
11 39 221652230
11 40 1919458
11 41 7734799
11 42 659832621
11 43 891315097
11 44 173870404
11 45 196844296
11 46 696282023
11 47 516276418
11 48 610169146
11 49 103324202
11 50 135578207
11 51 870849455
11 52 744157588
11 53 41000934
11 54 183906531
11 55 86876049
11 56 809888536
11 57 693901929
11 58 167542780
11 59 411393357
11 60 466973011
11 61 519821152
11 62 384819391
11 63 379065342
11 64 554666706
11 65 752500846
11 66 470357313
11 67 108912950
11 68 381375032
11 69 486623971
11 70 474235870
11 71 167693911
11 72 434145442
11 73 905675180
11 74 548127859
11 75 698950217
11 76 955141359
11 77 73075505
11 78 163331757
11 79 770279533
11 80 301006598
11 81 665904515
11 82 640560288
11 83 761658271
11 84 952572200
11 85 568247996
11 86 159004629
11 87 74119214
11 88 663659395
11 89 372606211
11 90 165406729
11 91 804819191
11 92 95798925
11 93 684980956
11 94 406022756
11 95 909025050
11 96 897155876
11 97 285034027
11 98 620842691
11 99 40214937
12 14 586685889
12 15 316497656
12 16 49967819
12 17 49064397
12 18 480435494
12 19 897728115
12 20 339038757
12 21 276721935
12 22 990863539
12 23 55836670
12 24 726016305
12 25 735873773
12 26 956858295
12 27 957922100
12 28 335456958
12 29 289134327
12 30 718615455
12 31 75101706
12 32 825085162
12 33 790393351
12 34 159406289
12 35 338879215
12 36 711002210
12 37 683938169
12 38 677205548
12 39 49439532
12 40 372997061
12 41 191232296
12 42 318097016
12 43 713211590
12 44 438049343
12 45 803758685
12 46 69365352
12 47 522487276
12 48 74728396
12 49 327922503
12 50 773179557
12 51 575372812
12 52 31843050
12 53 49998542
12 54 644487950
12 55 811457651
12 56 486527490
12 57 59924017
12 58 665965802
12 59 481008492
12 60 980173374
12 61 127378280
12 62 234030029
12 63 134786871
12 64 873565865
12 65 418239919
12 66 201493673
12 67 118604502
12 68 434807581
12 69 518235063
12 70 690534560
12 71 608471466
12 72 887099060
12 73 826293226
12 74 354119653
12 75 621644136
12 76 335653129
12 77 610811112
12 78 172542823
12 79 658538650
12 80 107609680
12 81 49479905
12 82 880388872
12 83 652174560
12 84 26834536
12 85 677527712
12 86 489504825
12 87 199024268
12 88 450066094
12 89 52367270
12 90 693843830
12 91 664728098
12 92 659479979
12 93 96669537
12 94 215098785
12 95 722959846
12 96 93210355
12 97 843590692
12 98 144498990
12 99 813232632
13 15 764364338
13 16 105342988
13 17 550654005
13 18 323508701
13 19 181416751
13 20 639079599
13 21 840457633
13 22 574241705
13 23 935366384
13 24 378858492
13 25 258354233
13 26 432557901
13 27 278741983
13 28 727861984
13 29 312175459
13 30 933418165
13 31 478188721
13 32 682004776
13 33 908192117
13 34 271901238
13 35 891836269
13 36 6155384
13 37 572683226
13 38 181611278
13 39 129064110
13 40 67828751
13 41 881914381
13 42 701848914
13 43 897043392
13 44 171222150
13 45 615786983
13 46 361216348
13 47 234690055
13 48 707769067
13 49 835897617
13 50 775284292
13 51 5488553
13 52 323942100
13 53 351240657
13 54 955420781
13 55 209226923
13 56 209238760
13 57 605208672
13 58 628806952
13 59 221737794
13 60 279922025
13 61 584216690
13 62 712227734
13 63 614075279
13 64 36796678
13 65 708583950
13 66 795719736
13 67 468467738
13 68 516209671
13 69 470142093
13 70 633886544
13 71 962394463
13 72 16008689
13 73 768582594
13 74 270679780
13 75 709778062
13 76 483302931
13 77 124559388
13 78 968228498
13 79 105801967
13 80 542913932
13 81 692251343
13 82 249646300
13 83 341923942
13 84 122418049
13 85 299515213
13 86 154044253
13 87 798874762
13 88 965016207
13 89 403589784
13 90 262341247
13 91 998080555
13 92 236007023
13 93 81510053
13 94 415706588
13 95 954240872
13 96 153807732
13 97 327576316
13 98 495497953
13 99 834463678
14 16 278733432
14 17 770561029
14 18 207918666
14 19 296150745
14 20 442571931
14 21 113239817
14 22 620861676
14 23 797293546
14 24 192476105
14 25 562721827
14 26 880204306
14 27 528562595
14 28 729697165
14 29 401665583
14 30 781499062
14 31 190275233
14 32 683133324
14 33 454678971
14 34 213766376
14 35 193847192
14 36 766521883
14 37 605911752
14 38 166657444
14 39 645462406
14 40 369800838
14 41 321362536
14 42 777141001
14 43 263060597
14 44 932118882
14 45 560382313
14 46 777826458
14 47 818274397
14 48 675090930
14 49 36901093
14 50 6367032
14 51 466984219
14 52 572157203
14 53 574279154
14 54 503083033
14 55 416239274
14 56 769880159
14 57 429438000
14 58 447335479
14 59 342397466
14 60 746291567
14 61 216238406
14 62 690212051
14 63 421468678
14 64 598544586
14 65 659282389
14 66 976179984
14 67 191882428
14 68 961119090
14 69 290285473
14 70 522607203
14 71 614128175
14 72 737460977
14 73 806080391
14 74 797853165
14 75 800366691
14 76 161931184
14 77 179536478
14 78 344523762
14 79 660167469
14 80 454777218
14 81 38768270
14 82 783742967
14 83 997547511
14 84 250668792
14 85 137006989
14 86 754448197
14 87 485477489
14 88 711377776
14 89 404931873
14 90 934275700
14 91 289448106
14 92 701981126
14 93 499142747
14 94 251949395
14 95 987268410
14 96 128337954
14 97 621333696
14 98 611568831
14 99 470137882
15 17 149573394
15 18 408473624
15 19 582743803
15 20 31523233
15 21 550849332
15 22 43033902
15 23 812248382
15 24 23644560
15 25 898217257
15 26 623296455
15 27 912990140
15 28 453959023
15 29 74686483
15 30 168132149
15 31 570089937
15 32 661278535
15 33 678058343
15 34 609264474
15 35 749403521
15 36 993215188
15 37 250877137
15 38 706783285
15 39 733364993
15 40 689994001
15 41 9611454
15 42 500851414
15 43 486517981
15 44 869806857
15 45 56571439
15 46 732840479
15 47 943881483
15 48 572518753
15 49 638287725
15 50 350297949
15 51 927261129
15 52 937763800
15 53 631277261
15 54 116492428
15 55 405590780
15 56 115212701
15 57 684882008
15 58 159626396
15 59 247876528
15 60 304390184
15 61 144602918
15 62 4041375
15 63 358548614
15 64 160046915
15 65 310352268
15 66 873013056
15 67 644302864
15 68 625961154
15 69 563842916
15 70 8954727
15 71 477184099
15 72 106335105
15 73 398477679
15 74 647854448
15 75 227334425
15 76 81287618
15 77 305965512
15 78 880506504
15 79 813482007
15 80 644327361
15 81 93120576
15 82 644170815
15 83 796269445
15 84 337878935
15 85 900375802
15 86 587134192
15 87 172179158
15 88 707773589
15 89 938981682
15 90 798042042
15 91 873783568
15 92 120905130
15 93 738138172
15 94 776990027
15 95 789930149
15 96 996256132
15 97 656362443
15 98 962096696
15 99 944731862
16 18 617277316
16 19 664298235
16 20 519961116
16 21 589792836
16 22 104549945
16 23 127665464
16 24 925034943
16 25 424404464
16 26 138168017
16 27 850640522
16 28 956416028
16 29 398812358
16 30 54799820
16 31 108097870
16 32 432848445
16 33 599538520
16 34 217579163
16 35 506137690
16 36 755286734
16 37 211909983
16 38 25988820
16 39 256636704
16 40 898013470
16 41 229809314
16 42 466117890
16 43 457093924
16 44 500378460
16 45 295428792
16 46 79380760
16 47 197095348
16 48 659465425
16 49 887120034
16 50 41562289
16 51 514688190
16 52 719248845
16 53 736710686
16 54 991743838
16 55 702082133
16 56 9016223
16 57 916080268
16 58 724356404
16 59 805328030
16 60 804739569
16 61 436780009
16 62 394620797
16 63 961608032
16 64 709991942
16 65 172901212
16 66 538064518
16 67 463969198
16 68 975697281
16 69 610453129
16 70 521662295
16 71 530043380
16 72 56086096
16 73 364876990
16 74 412954725
16 75 762191307
16 76 832137730
16 77 532187070
16 78 608365055
16 79 176621722
16 80 85155753
16 81 581830003
16 82 992032236
16 83 143270902
16 84 5416820
16 85 267792850
16 86 351125544
16 87 429312099
16 88 305183033
16 89 726588139
16 90 256926742
16 91 552347335
16 92 955386246
16 93 665696798
16 94 641405577
16 95 676130775
16 96 468522185
16 97 199656714
16 98 385407268
16 99 150866478
17 19 956382870
17 20 154929264
17 21 589762342
17 22 149278774
17 23 291586930
17 24 273276013
17 25 642860771
17 26 827258712
17 27 425230451
17 28 432758809
17 29 559525216
17 30 20670687
17 31 592554291
17 32 108633506
17 33 827749471
17 34 853735601
17 35 553522224
17 36 170448413
17 37 5111856
17 38 203247975
17 39 77533015
17 40 582803217
17 41 74817739
17 42 45592077
17 43 580951227
17 44 715977901
17 45 97856030
17 46 622166126
17 47 708791184
17 48 819939671
17 49 221168472
17 50 87013143
17 51 544553996
17 52 432564984
17 53 948783211
17 54 301458479
17 55 890486355
17 56 472299144
17 57 326627014
17 58 801340103
17 59 63483693
17 60 116986837
17 61 871256420
17 62 127990182
17 63 364202353
17 64 384363647
17 65 392418292
17 66 84665231
17 67 173923980
17 68 519082304
17 69 36083141
17 70 606362002
17 71 496417679
17 72 168564925
17 73 446539983
17 74 891331308
17 75 175815158
17 76 231080829
17 77 49635571
17 78 291595820
17 79 127690193
17 80 128747839
17 81 6105122
17 82 960560545
17 83 347125443
17 84 107896542
17 85 111691622
17 86 200746122
17 87 503054918
17 88 120024244
17 89 365251922
17 90 170303877
17 91 123244238
17 92 395165838
17 93 127815605
17 94 434399012
17 95 733249582
17 96 988304971
17 97 362968220
17 98 39301448
17 99 211809676
18 20 140103617
18 21 599076314
18 22 116011966
18 23 23546551
18 24 223583753
18 25 713477939
18 26 386155914
18 27 1723455
18 28 552934887
18 29 361170767
18 30 803037952
18 31 83602646
18 32 310100543
18 33 833960267
18 34 746190813
18 35 733668243
18 36 526221567
18 37 919696710
18 38 288254234
18 39 310895920
18 40 740408575
18 41 878169256
18 42 610409712
18 43 40535758
18 44 188016703
18 45 500815589
18 46 874927951
18 47 196600909
18 48 909294890
18 49 95146406
18 50 497377827
18 51 590910342
18 52 151999472
18 53 822274788
18 54 444555233
18 55 548258604
18 56 946896550
18 57 345474160
18 58 803331666
18 59 732039969
18 60 990219619
18 61 421872750
18 62 9686161
18 63 138108680
18 64 265231472
18 65 215003815
18 66 761204460
18 67 575596310
18 68 21115199
18 69 646565883
18 70 186558401
18 71 176810878
18 72 619573898
18 73 364510986
18 74 827002475
18 75 89767841
18 76 796036633
18 77 814568981
18 78 273172338
18 79 187739514
18 80 254405857
18 81 293728669
18 82 236107935
18 83 856337025
18 84 135588949
18 85 855790950
18 86 200750146
18 87 314480006
18 88 755320281
18 89 253024616
18 90 840818908
18 91 224317819
18 92 933330523
18 93 666783782
18 94 115035328
18 95 28601792
18 96 349462855
18 97 262325233
18 98 360915459
18 99 690198089
19 21 389980800
19 22 199591354
19 23 200454937
19 24 502430122
19 25 791626241
19 26 789732863
19 27 411895926
19 28 167580771
19 29 238462189
19 30 687201124
19 31 989343990
19 32 958785063
19 33 544477003
19 34 711390394
19 35 708002209
19 36 490970591
19 37 136151781
19 38 882654740
19 39 960665194
19 40 275308186
19 41 989818482
19 42 710800109
19 43 151050156
19 44 600217154
19 45 416735745
19 46 150023966
19 47 17683398
19 48 544243466
19 49 535100035
19 50 732068571
19 51 2305331
19 52 462683058
19 53 210047983
19 54 604143530
19 55 314994577
19 56 330668399
19 57 702639674
19 58 721349427
19 59 58472223
19 60 613151879
19 61 181892249
19 62 51757668
19 63 31708143
19 64 100859711
19 65 974307003
19 66 669666174
19 67 300737806
19 68 48755324
19 69 875867560
19 70 647303568
19 71 235348831
19 72 673882192
19 73 268482343
19 74 80860999
19 75 385083002
19 76 4581638
19 77 344672388
19 78 268328409
19 79 573120778
19 80 573708534
19 81 275446307
19 82 230157377
19 83 551663102
19 84 185910048
19 85 571702542
19 86 636550645
19 87 320493579
19 88 739723248
19 89 276938529
19 90 52832636
19 91 763513166
19 92 167859038
19 93 402728247
19 94 857394265
19 95 390694605
19 96 164701356
19 97 766443487
19 98 671671934
19 99 558595269
20 22 677477381
20 23 140780964
20 24 237735801
20 25 660297946
20 26 676883773
20 27 282843836
20 28 785925505
20 29 472820156
20 30 730208088
20 31 710292963
20 32 719957168
20 33 580906559
20 34 101622752
20 35 978836711
20 36 773902795
20 37 754550247
20 38 348776380
20 39 844114597
20 40 330265903
20 41 846398218
20 42 349140058
20 43 200465344
20 44 783952955
20 45 534837094
20 46 843330936
20 47 128437536
20 48 758847534
20 49 661446515
20 50 408808793
20 51 268157788
20 52 277425281
20 53 562763082
20 54 360661887
20 55 888475184
20 56 214452905
20 57 801351047
20 58 316964550
20 59 555364911
20 60 775156686
20 61 66897267
20 62 106003143
20 63 24207067
20 64 96497133
20 65 748074543
20 66 70097809
20 67 883990073
20 68 389882192
20 69 807196640
20 70 846265004
20 71 248516756
20 72 55746291
20 73 773507318
20 74 899057632
20 75 327457400
20 76 63427625
20 77 149994144
20 78 257977451
20 79 443827904
20 80 17178392
20 81 242818442
20 82 459731894
20 83 86162845
20 84 862691292
20 85 130724984
20 86 551983635
20 87 622176146
20 88 334432942
20 89 390507121
20 90 117470432
20 91 339830749
20 92 113417410
20 93 598126482
20 94 291470639
20 95 783584223
20 96 91901314
20 97 36013932
20 98 665284640
20 99 732287477
21 23 260392264
21 24 491059169
21 25 479062147
21 26 797021075
21 27 718122621
21 28 374534350
21 29 469521201
21 30 521984228
21 31 971911314
21 32 712085822
21 33 526866791
21 34 272017807
21 35 170616097
21 36 636022461
21 37 632112837
21 38 63071023
21 39 392690639
21 40 262998797
21 41 276125352
21 42 233116952
21 43 293498103
21 44 702235453
21 45 602992758
21 46 605465277
21 47 215799641
21 48 110806225
21 49 317177024
21 50 935530455
21 51 547411169
21 52 72170489
21 53 66785248
21 54 135395464
21 55 939347273
21 56 156070856
21 57 950552522
21 58 562969874
21 59 340363635
21 60 634588908
21 61 779636618
21 62 84623936
21 63 72057834
21 64 643732389
21 65 469845691
21 66 496023503
21 67 365853653
21 68 869021707
21 69 366646100
21 70 203924225
21 71 623387620
21 72 628658559
21 73 331836290
21 74 328859060
21 75 176001079
21 76 36781056
21 77 365245171
21 78 221322094
21 79 157076804
21 80 436194857
21 81 453977040
21 82 848558872
21 83 933368100
21 84 424966485
21 85 176274173
21 86 60935497
21 87 83849961
21 88 477494839
21 89 840604696
21 90 723614311
21 91 63653201
21 92 830249663
21 93 751095884
21 94 334011339
21 95 614548874
21 96 145463969
21 97 581963323
21 98 714128797
21 99 369830184
22 24 831303487
22 25 314564477
22 26 130034578
22 27 366813063
22 28 834872057
22 29 868909295
22 30 891638311
22 31 325354313
22 32 710163573
22 33 95746938
22 34 168518822
22 35 930787235
22 36 697650367
22 37 850721903
22 38 58578309
22 39 508771071
22 40 811278218
22 41 618610386
22 42 404818234
22 43 613057827
22 44 51747006
22 45 113918793
22 46 47456708
22 47 242321809
22 48 313786515
22 49 2139547
22 50 570244897
22 51 241404018
22 52 934668951
22 53 964667174
22 54 68624029
22 55 739287561
22 56 819672663
22 57 121508200
22 58 309005407
22 59 22594959
22 60 590707731
22 61 427079844
22 62 909088636
22 63 425623701
22 64 344586702
22 65 941923138
22 66 335560475
22 67 44083758
22 68 801931412
22 69 649622216
22 70 345143314
22 71 621515238
22 72 858430717
22 73 430368210
22 74 269303415
22 75 542822297
22 76 835709719
22 77 925406909
22 78 770180581
22 79 735203442
22 80 526573038
22 81 561762024
22 82 327080265
22 83 853362044
22 84 325649051
22 85 626455002
22 86 756528813
22 87 530760587
22 88 170551083
22 89 544156154
22 90 671315127
22 91 731253517
22 92 922731046
22 93 478888000
22 94 225710604
22 95 411859236
22 96 429602806
22 97 676252356
22 98 417888688
22 99 271229573
23 25 352099785
23 26 446648871
23 27 803250202
23 28 665202501
23 29 376959377
23 30 316314637
23 31 401414360
23 32 946603211
23 33 807097687
23 34 907868616
23 35 291957127
23 36 888056705
23 37 727793467
23 38 411011355
23 39 365580797
23 40 828700129
23 41 99950779
23 42 526025999
23 43 691151915
23 44 580392833
23 45 879494029
23 46 607403521
23 47 290402009
23 48 883996832
23 49 256359002
23 50 316889104
23 51 937022140
23 52 134016391
23 53 855142643
23 54 607021538
23 55 610847709
23 56 476961442
23 57 726645604
23 58 165254499
23 59 774744704
23 60 760837541
23 61 862291269
23 62 605647711
23 63 916304454
23 64 968574763
23 65 759026969
23 66 787235197
23 67 840567987
23 68 904915251
23 69 39197817
23 70 501031986
23 71 645433470
23 72 617930679
23 73 422753877
23 74 287272189
23 75 25681856
23 76 911522514
23 77 776576794
23 78 340576544
23 79 610126675
23 80 405926718
23 81 350925158
23 82 294840632
23 83 616794139
23 84 970301693
23 85 398320006
23 86 508572640
23 87 669892796
23 88 416721537
23 89 465244933
23 90 103632115
23 91 843053977
23 92 660707969
23 93 560850249
23 94 58373520
23 95 319981326
23 96 687043614
23 97 699199153
23 98 212370694
23 99 139201995
24 26 239659974
24 27 48105881
24 28 126239565
24 29 303082603
24 30 731364148
24 31 447877257
24 32 43095711
24 33 661059028
24 34 153665473
24 35 890251550
24 36 841511238
24 37 400993419
24 38 325934335
24 39 259097567
24 40 409639340
24 41 676942422
24 42 896637952
24 43 383246942
24 44 851204644
24 45 999614226
24 46 649672345
24 47 487619287
24 48 137683967
24 49 169939579
24 50 217515045
24 51 506716729
24 52 802947193
24 53 748218784
24 54 578575067
24 55 20543446
24 56 781667357
24 57 369257683
24 58 369867024
24 59 570643984
24 60 39934123
24 61 625371553
24 62 428812847
24 63 463177550
24 64 724009653
24 65 818209809
24 66 872102458
24 67 850804769
24 68 984548758
24 69 612807919
24 70 899731932
24 71 589726798
24 72 512723298
24 73 976518485
24 74 334894439
24 75 798906951
24 76 404904954
24 77 587462975
24 78 386459807
24 79 67759149
24 80 237178611
24 81 741535324
24 82 590020318
24 83 59854240
24 84 449971823
24 85 655875754
24 86 783603486
24 87 431255344
24 88 163325192
24 89 438290217
24 90 898714164
24 91 241375549
24 92 444140239
24 93 57912969
24 94 22802879
24 95 870044380
24 96 238755868
24 97 334074285
24 98 237418142
24 99 556107179
25 27 226558674
25 28 188889264
25 29 563444860
25 30 821946781
25 31 470741970
25 32 305903482
25 33 603799113
25 34 463991536
25 35 445939753
25 36 349402620
25 37 274968352
25 38 800734188
25 39 283769061
25 40 862680693
25 41 653616372
25 42 114083433
25 43 123368736
25 44 770444723
25 45 733002653
25 46 572499449
25 47 811497695
25 48 207240371
25 49 21880476
25 50 197408502
25 51 947845887
25 52 50546118
25 53 373102795
25 54 317265574
25 55 998532320
25 56 718628863
25 57 714886669
25 58 561527949
25 59 633191363
25 60 845974025
25 61 269327754
25 62 223739707
25 63 473940115
25 64 18447125
25 65 859477557
25 66 960285499
25 67 876413976
25 68 747368504
25 69 668389468
25 70 507145713
25 71 554001798
25 72 239409
25 73 304021357
25 74 465100862
25 75 745593488
25 76 50063125
25 77 342367380
25 78 894972548
25 79 96936517
25 80 907028734
25 81 942610678
25 82 966192213
25 83 718786047
25 84 302768159
25 85 365249495
25 86 294495180
25 87 896923064
25 88 694932353
25 89 79280437
25 90 73800796
25 91 139647103
25 92 11171487
25 93 318687546
25 94 763248541
25 95 36801420
25 96 570559021
25 97 328318951
25 98 894220611
25 99 973618464
26 28 536398670
26 29 926760001
26 30 646356511
26 31 422837418
26 32 396075574
26 33 480568940
26 34 120400431
26 35 482767972
26 36 282406189
26 37 891970138
26 38 495743899
26 39 957506723
26 40 89570677
26 41 889541856
26 42 777563835
26 43 917109165
26 44 423459299
26 45 55041565
26 46 725667002
26 47 26423236
26 48 543106578
26 49 629649421
26 50 975183628
26 51 555789382
26 52 893399100
26 53 572110256
26 54 212757280
26 55 779507113
26 56 457330167
26 57 317308380
26 58 358084205
26 59 901398210
26 60 845367649
26 61 564344441
26 62 764528625
26 63 398892327
26 64 802707250
26 65 753199850
26 66 223446663
26 67 937160365
26 68 803947694
26 69 938349175
26 70 477529682
26 71 633747022
26 72 488381983
26 73 362553701
26 74 191262592
26 75 175003540
26 76 877336203
26 77 357951916
26 78 519565695
26 79 412852116
26 80 364823079
26 81 389353364
26 82 374965417
26 83 443692898
26 84 522109990
26 85 803119605
26 86 455891700
26 87 213199871
26 88 532389042
26 89 473932485
26 90 349646036
26 91 427586820
26 92 802925130
26 93 829215343
26 94 762507255
26 95 803178542
26 96 997145329
26 97 81772481
26 98 863706036
26 99 319636275
27 29 362041184
27 30 757759994
27 31 515196127
27 32 696354017
27 33 680594147
27 34 838124502
27 35 779100469
27 36 240063115
27 37 543408466
27 38 994021286
27 39 105388347
27 40 559909536
27 41 250340425
27 42 160249205
27 43 409247152
27 44 821936813
27 45 867202808
27 46 294242386
27 47 943036860
27 48 216761600
27 49 604788070
27 50 304667954
27 51 459110630
27 52 233873980
27 53 832676315
27 54 924032529
27 55 25444115
27 56 714975536
27 57 646571604
27 58 942208665
27 59 143802525
27 60 721572936
27 61 81526930
27 62 628208902
27 63 223462526
27 64 596776765
27 65 679254044
27 66 766200279
27 67 267327203
27 68 758185579
27 69 594663541
27 70 350431356
27 71 560194536
27 72 488967389
27 73 293801495
27 74 908563656
27 75 615102232
27 76 147749689
27 77 819481617
27 78 180443471
27 79 186952429
27 80 369047072
27 81 89549143
27 82 92039912
27 83 784458172
27 84 245803051
27 85 581318682
27 86 249117941
27 87 737492864
27 88 978097101
27 89 269093428
27 90 119532007
27 91 782937749
27 92 538743320
27 93 94666006
27 94 866279141
27 95 711871934
27 96 884430104
27 97 817663199
27 98 599038277
27 99 979520723
28 30 248288863
28 31 261577744
28 32 426896723
28 33 509956249
28 34 527270205
28 35 19613411
28 36 894241433
28 37 773386652
28 38 153510556
28 39 807242
28 40 776317232
28 41 285471514
28 42 812443459
28 43 81567454
28 44 728405116
28 45 797784529
28 46 668253229
28 47 967536821
28 48 825369670
28 49 609771214
28 50 578440071
28 51 868915114
28 52 379698334
28 53 111960410
28 54 383507787
28 55 186674046
28 56 148623224
28 57 368169005
28 58 897963107
28 59 971843308
28 60 319570510
28 61 482438012
28 62 537347584
28 63 317807597
28 64 514267818
28 65 490468941
28 66 134830544
28 67 781741573
28 68 236497514
28 69 688652416
28 70 893838497
28 71 514744139
28 72 985095893
28 73 97963445
28 74 910548108
28 75 490679238
28 76 110430291
28 77 853382681
28 78 507802793
28 79 474378732
28 80 286199948
28 81 558248541
28 82 760376473
28 83 606700640
28 84 546621306
28 85 989744343
28 86 142770526
28 87 563509669
28 88 238538794
28 89 494899325
28 90 308130807
28 91 53107909
28 92 924646531
28 93 763071867
28 94 969524400
28 95 389966049
28 96 128426747
28 97 723240188
28 98 315246288
28 99 390901158
29 31 337486494
29 32 91341694
29 33 390055707
29 34 407878658
29 35 643388147
29 36 545251374
29 37 117034429
29 38 827435709
29 39 692136757
29 40 62949925
29 41 687951320
29 42 596473955
29 43 542538711
29 44 729969767
29 45 535591911
29 46 107500484
29 47 991508230
29 48 625582575
29 49 467957834
29 50 21150857
29 51 684860438
29 52 563821652
29 53 597154856
29 54 802539033
29 55 598697124
29 56 54799761
29 57 478435056
29 58 4544291
29 59 178334326
29 60 365056568
29 61 485035406
29 62 335718365
29 63 445310810
29 64 364680732
29 65 436849167
29 66 248627950
29 67 394786950
29 68 78579551
29 69 250973185
29 70 357761607
29 71 1747315
29 72 516165539
29 73 673493919
29 74 757991632
29 75 494239816
29 76 452167282
29 77 698679570
29 78 359441722
29 79 130979109
29 80 452685717
29 81 194974407
29 82 697668660
29 83 459983278
29 84 934670694
29 85 846182583
29 86 584240616
29 87 463837424
29 88 439130276
29 89 696619626
29 90 513474262
29 91 105975655
29 92 279953113
29 93 344028963
29 94 263027682
29 95 39018171
29 96 740048326
29 97 884464135
29 98 960902189
29 99 280970920
30 32 512154019
30 33 276921322
30 34 17964352
30 35 82546554
30 36 546722751
30 37 998664807
30 38 421804344
30 39 794375358
30 40 375276634
30 41 353291060
30 42 852136032
30 43 926145750
30 44 505059026
30 45 216616292
30 46 601742400
30 47 902182505
30 48 913050388
30 49 663698337
30 50 289998663
30 51 199718818
30 52 479448227
30 53 877956237
30 54 560081712
30 55 725329874
30 56 274548496
30 57 364034590
30 58 281013637
30 59 7387921
30 60 287833743
30 61 225472390
30 62 976611746
30 63 599284313
30 64 975361446
30 65 383465332
30 66 645815432
30 67 847683055
30 68 370473675
30 69 894759124
30 70 2467173
30 71 303950513
30 72 379473246
30 73 884903599
30 74 331339500
30 75 333232566
30 76 15001363
30 77 94280119
30 78 275131424
30 79 570308793
30 80 94611560
30 81 486213140
30 82 363490020
30 83 120818773
30 84 91582279
30 85 643595204
30 86 761780248
30 87 419683012
30 88 42240717
30 89 668821687
30 90 618149916
30 91 611884037
30 92 995106446
30 93 906189237
30 94 338329491
30 95 158874988
30 96 419731772
30 97 764091726
30 98 465075825
30 99 653240477
31 33 195302538
31 34 247289117
31 35 736195046
31 36 945964133
31 37 114001669
31 38 897354760
31 39 752269750
31 40 253727246
31 41 951203748
31 42 514347655
31 43 433153844
31 44 423619040
31 45 644067314
31 46 101097006
31 47 331433425
31 48 904415294
31 49 147155159
31 50 495076470
31 51 465318506
31 52 473433081
31 53 402344625
31 54 502690344
31 55 964316762
31 56 332407736
31 57 165229455
31 58 150445402
31 59 722734563
31 60 552058717
31 61 649994859
31 62 310809703
31 63 834118064
31 64 939521254
31 65 3849100
31 66 113902962
31 67 355841428
31 68 184275478
31 69 229836076
31 70 276107377
31 71 235901584
31 72 634990193
31 73 390478756
31 74 326182868
31 75 42276291
31 76 650225095
31 77 910620766
31 78 587718979
31 79 4575096
31 80 520731175
31 81 879284438
31 82 749039705
31 83 337328395
31 84 844922695
31 85 72883871
31 86 692665488
31 87 462384164
31 88 789825416
31 89 56769008
31 90 754488690
31 91 519899152
31 92 198798273
31 93 229391215
31 94 944907736
31 95 703492939
31 96 215662460
31 97 214118658
31 98 305123483
31 99 657738842
32 34 170953403
32 35 669363384
32 36 607975710
32 37 799816828
32 38 322282426
32 39 943468524
32 40 122931999
32 41 764513764
32 42 630537467
32 43 755341601
32 44 992629469
32 45 363024696
32 46 747230734
32 47 349336118
32 48 466394720
32 49 678785516
32 50 387416160
32 51 364731128
32 52 327071189
32 53 979336320
32 54 494676872
32 55 967609614
32 56 525351598
32 57 54141106
32 58 233231564
32 59 414576751
32 60 443566602
32 61 935032620
32 62 525836763
32 63 480674153
32 64 22436335
32 65 224392435
32 66 145400760
32 67 970296938
32 68 606427037
32 69 732663895
32 70 600182514
32 71 824851519
32 72 379815870
32 73 811592020
32 74 728593486
32 75 586442236
32 76 741954392
32 77 359351953
32 78 257454576
32 79 685932011
32 80 51341285
32 81 351787271
32 82 851143767
32 83 327340500
32 84 997128327
32 85 122441413
32 86 716511099
32 87 134697986
32 88 786733489
32 89 318934283
32 90 944110647
32 91 206019573
32 92 658833305
32 93 298710598
32 94 812388069
32 95 102798188
32 96 382854397
32 97 990178136
32 98 806888731
32 99 991422204
33 35 878127705
33 36 787897322
33 37 161045431
33 38 918703773
33 39 732193813
33 40 442750651
33 41 231850379
33 42 93309591
33 43 790692674
33 44 652212131
33 45 122639401
33 46 39737432
33 47 793311459
33 48 646658514
33 49 572259615
33 50 33821534
33 51 308564613
33 52 637891633
33 53 787451239
33 54 440620574
33 55 635414983
33 56 26580340
33 57 885138279
33 58 727226457
33 59 219008404
33 60 691934864
33 61 320318452
33 62 461169294
33 63 802505969
33 64 842944880
33 65 953597645
33 66 933325617
33 67 299614536
33 68 862059463
33 69 14456124
33 70 255590863
33 71 418798011
33 72 412871328
33 73 636959869
33 74 567641813
33 75 76244232
33 76 955149408
33 77 31449271
33 78 77639951
33 79 330752910
33 80 179310056
33 81 289037782
33 82 174772699
33 83 155241934
33 84 853331905
33 85 116461919
33 86 822930152
33 87 414358091
33 88 294041804
33 89 270682372
33 90 809829166
33 91 918433777
33 92 312979825
33 93 526406909
33 94 271065787
33 95 219219507
33 96 67396254
33 97 885039561
33 98 572473314
33 99 893725489
34 36 333274968
34 37 236126795
34 38 835697878
34 39 315592929
34 40 42660153
34 41 295370231
34 42 77288191
34 43 707390250
34 44 378581467
34 45 654772535
34 46 450315585
34 47 964389280
34 48 931024122
34 49 610107835
34 50 964391957
34 51 606808335
34 52 208183469
34 53 863592507
34 54 737524426
34 55 586026672
34 56 88773698
34 57 79191195
34 58 700814435
34 59 832281459
34 60 173745172
34 61 964470720
34 62 378329408
34 63 716763579
34 64 857145735
34 65 989975918
34 66 924933465
34 67 120496209
34 68 464338907
34 69 868123549
34 70 39781679
34 71 756941140
34 72 775043045
34 73 232920625
34 74 140244515
34 75 357338667
34 76 812927165
34 77 720402747
34 78 497902752
34 79 71071650
34 80 889698776
34 81 659820400
34 82 345897714
34 83 804597697
34 84 181555089
34 85 971167110
34 86 898245182
34 87 591354617
34 88 843416234
34 89 59001402
34 90 363844667
34 91 494104874
34 92 921105694
34 93 943958159
34 94 692579965
34 95 769155705
34 96 923184999
34 97 598563611
34 98 772061459
34 99 965138794
35 37 804276837
35 38 607136443
35 39 906864056
35 40 401444561
35 41 646933334
35 42 101162220
35 43 838069672
35 44 743563452
35 45 268144538
35 46 619131701
35 47 298261618
35 48 141130486
35 49 988122929
35 50 732238714
35 51 826777058
35 52 773824180
35 53 804992232
35 54 630323608
35 55 560032368
35 56 852750637
35 57 814554996
35 58 753887833
35 59 698811434
35 60 229810955
35 61 468143373
35 62 4388027
35 63 42819961
35 64 421576145
35 65 395034895
35 66 964313915
35 67 136133156
35 68 942960124
35 69 361211240
35 70 282367290
35 71 926174076
35 72 492013295
35 73 481038244
35 74 835387897
35 75 298106657
35 76 712729450
35 77 286655245
35 78 947021607
35 79 174431658
35 80 95948567
35 81 263393211
35 82 146554124
35 83 972597559
35 84 641347016
35 85 684876259
35 86 327949185
35 87 143528655
35 88 357194552
35 89 519500612
35 90 739347769
35 91 640570141
35 92 327722294
35 93 652765352
35 94 465426700
35 95 530053668
35 96 517641223
35 97 763970474
35 98 283250034
35 99 770238884
36 38 966621503
36 39 386649982
36 40 767667670
36 41 95096815
36 42 518591506
36 43 494912597
36 44 113752674
36 45 878394827
36 46 838304117
36 47 593008208
36 48 696464458
36 49 825269381
36 50 448337055
36 51 926328365
36 52 840831645
36 53 138725829
36 54 804716250
36 55 435827075
36 56 95676744
36 57 854284437
36 58 175474947
36 59 416224150
36 60 568517212
36 61 270334603
36 62 464543716
36 63 173872195
36 64 917054412
36 65 482433844
36 66 10638863
36 67 592446823
36 68 479592216
36 69 225052131
36 70 434094266
36 71 767385058
36 72 705862764
36 73 446667328
36 74 870012073
36 75 636796720
36 76 393856376
36 77 888524679
36 78 745125893
36 79 735869591
36 80 256391693
36 81 936273276
36 82 894774932
36 83 438551822
36 84 489082957
36 85 583559867
36 86 138936104
36 87 373433030
36 88 273228163
36 89 43532573
36 90 355998658
36 91 757319186
36 92 303162342
36 93 507138252
36 94 522635376
36 95 796769083
36 96 118330168
36 97 307476029
36 98 218635167
36 99 653647952
37 39 747541561
37 40 9929635
37 41 345722698
37 42 127218512
37 43 486947822
37 44 121643375
37 45 767431761
37 46 717373414
37 47 664539775
37 48 709720343
37 49 363309352
37 50 742397480
37 51 383912475
37 52 771099723
37 53 388833422
37 54 900341132
37 55 809031612
37 56 493267172
37 57 614926097
37 58 499275751
37 59 514231218
37 60 40644228
37 61 42698487
37 62 572108840
37 63 544144235
37 64 827204477
37 65 76803861
37 66 497523053
37 67 859552482
37 68 818667512
37 69 839694674
37 70 683959538
37 71 129596951
37 72 628624648
37 73 162120890
37 74 294839194
37 75 35613502
37 76 363982678
37 77 417029379
37 78 18084671
37 79 303896193
37 80 276069413
37 81 910065454
37 82 341262206
37 83 402419031
37 84 314488962
37 85 142074801
37 86 994327490
37 87 450316065
37 88 333238552
37 89 367017667
37 90 715609080
37 91 273638444
37 92 837653744
37 93 947890825
37 94 193519187
37 95 551471859
37 96 371744596
37 97 313651888
37 98 810016160
37 99 781385642
38 40 796950541
38 41 657602247
38 42 388229091
38 43 799193684
38 44 518758541
38 45 115190263
38 46 800092547
38 47 30606074
38 48 982619896
38 49 289913438
38 50 314367531
38 51 159821886
38 52 244744002
38 53 165067258
38 54 318733207
38 55 790552604
38 56 749379826
38 57 401152397
38 58 322720235
38 59 387189012
38 60 834018472
38 61 946989649
38 62 758610272
38 63 649293329
38 64 985968005
38 65 602402645
38 66 493031178
38 67 215103497
38 68 412971532
38 69 719680008
38 70 929300983
38 71 792184788
38 72 467856802
38 73 448979231
38 74 880621509
38 75 150437859
38 76 138199429
38 77 905453601
38 78 419309766
38 79 658055543
38 80 689634037
38 81 150708358
38 82 348137162
38 83 290401101
38 84 113890417
38 85 543382202
38 86 871126456
38 87 623625997
38 88 375474852
38 89 357413064
38 90 83000967
38 91 562782600
38 92 712944066
38 93 344841621
38 94 13583600
38 95 561727149
38 96 347413588
38 97 71185124
38 98 281769975
38 99 653955500
39 41 564248085
39 42 853618759
39 43 22065999
39 44 100138266
39 45 242172864
39 46 876011366
39 47 717520116
39 48 884559032
39 49 790620215
39 50 989295186
39 51 205054140
39 52 631578482
39 53 231287318
39 54 520062045
39 55 347635162
39 56 703984613
39 57 169592479
39 58 419848350
39 59 945333873
39 60 219877956
39 61 160311733
39 62 207669647
39 63 445585710
39 64 552213082
39 65 885881174
39 66 812778460
39 67 271250196
39 68 811265320
39 69 883861404
39 70 603444508
39 71 777252407
39 72 275339319
39 73 663307412
39 74 882602584
39 75 450611929
39 76 484047517
39 77 511908620
39 78 518742937
39 79 699869578
39 80 17268504
39 81 285753427
39 82 81659985
39 83 790331320
39 84 696796252
39 85 8195155
39 86 742211428
39 87 558280197
39 88 504057078
39 89 278168305
39 90 836542049
39 91 445571644
39 92 986279439
39 93 399619328
39 94 969197368
39 95 920658965
39 96 236979976
39 97 912413592
39 98 390362093
39 99 335091163
40 42 781958306
40 43 387464805
40 44 520755361
40 45 823413066
40 46 89101909
40 47 735048034
40 48 396850230
40 49 825070546
40 50 290259117
40 51 164255956
40 52 625120882
40 53 902785684
40 54 715571152
40 55 399592390
40 56 590636941
40 57 403275397
40 58 302589002
40 59 301852288
40 60 151777815
40 61 731539314
40 62 324103098
40 63 677761271
40 64 362443055
40 65 631571557
40 66 751326426
40 67 26113710
40 68 566699291
40 69 908192134
40 70 761983907
40 71 579368555
40 72 329853697
40 73 9198766
40 74 710294177
40 75 605987295
40 76 939603481
40 77 51891912
40 78 581300597
40 79 18536456
40 80 208559236
40 81 100228073
40 82 289164462
40 83 178632394
40 84 445985920
40 85 55723993
40 86 568054600
40 87 924267786
40 88 525672027
40 89 220048739
40 90 475677866
40 91 931470258
40 92 744500529
40 93 456151650
40 94 465799810
40 95 16066974
40 96 10033768
40 97 782337331
40 98 661777188
40 99 131718418
41 43 707320925
41 44 365077645
41 45 950951190
41 46 443459839
41 47 408583891
41 48 622511488
41 49 410572613
41 50 573863045
41 51 631426420
41 52 673760598
41 53 584041994
41 54 255123286
41 55 348638766
41 56 548934981
41 57 779627307
41 58 446016456
41 59 113226302
41 60 36369412
41 61 617045077
41 62 110266257
41 63 207966602
41 64 595208330
41 65 617207497
41 66 811782085
41 67 524461893
41 68 111688138
41 69 458913362
41 70 497143265
41 71 287706972
41 72 230789776
41 73 693874294
41 74 52259740
41 75 952053461
41 76 604242907
41 77 813741169
41 78 751155055
41 79 756818802
41 80 897611836
41 81 235506595
41 82 825557037
41 83 549117579
41 84 730986908
41 85 873350595
41 86 254356742
41 87 323107909
41 88 112981353
41 89 482739505
41 90 298296208
41 91 394012053
41 92 540299319
41 93 842059822
41 94 474880111
41 95 598637859
41 96 135426348
41 97 434163420
41 98 552454000
41 99 146103515
42 44 82622456
42 45 930467109
42 46 344320349
42 47 952260289
42 48 302440929
42 49 251894169
42 50 212877611
42 51 257046866
42 52 540484783
42 53 348680936
42 54 144880971
42 55 183890680
42 56 956237949
42 57 249871457
42 58 91173687
42 59 120842163
42 60 590706113
42 61 287698897
42 62 459014806
42 63 999611428
42 64 754787897
42 65 745526035
42 66 238463784
42 67 512491787
42 68 52832665
42 69 48043633
42 70 125409518
42 71 375762921
42 72 857036009
42 73 914152692
42 74 443030285
42 75 455633166
42 76 566380271
42 77 708138916
42 78 28716079
42 79 38841417
42 80 488866392
42 81 147528849
42 82 438297396
42 83 843891433
42 84 71609329
42 85 835452083
42 86 237205061
42 87 600722774
42 88 813438012
42 89 700841549
42 90 515416969
42 91 534530992
42 92 954283066
42 93 50881033
42 94 436204593
42 95 40709519
42 96 192467792
42 97 300224971
42 98 834320528
42 99 789161945
43 45 818285282
43 46 403101463
43 47 560485924
43 48 454081742
43 49 130136470
43 50 67290276
43 51 4521313
43 52 775794975
43 53 482514800
43 54 34934585
43 55 409466759
43 56 334934099
43 57 574791559
43 58 945200164
43 59 173151215
43 60 704092549
43 61 37529521
43 62 774156598
43 63 480938880
43 64 186537020
43 65 712279389
43 66 213081546
43 67 218615469
43 68 943552077
43 69 495293272
43 70 37220621
43 71 207857216
43 72 387039594
43 73 490982665
43 74 274296757
43 75 624076098
43 76 83494150
43 77 22755959
43 78 953777418
43 79 59208191
43 80 912385235
43 81 978418448
43 82 20545541
43 83 822698137
43 84 619837817
43 85 924213427
43 86 83527072
43 87 223236241
43 88 338573341
43 89 847597099
43 90 413997788
43 91 177266983
43 92 730647820
43 93 691298131
43 94 445221359
43 95 78865855
43 96 376157021
43 97 119660414
43 98 255797142
43 99 609668865
44 46 609116002
44 47 977594105
44 48 44177617
44 49 765329997
44 50 953463686
44 51 357410888
44 52 534597500
44 53 209863450
44 54 911037700
44 55 406878856
44 56 794659201
44 57 10458100
44 58 107753228
44 59 419320549
44 60 926598281
44 61 385333312
44 62 86709860
44 63 230218971
44 64 864125446
44 65 30960580
44 66 40367521
44 67 791741523
44 68 734057569
44 69 449102800
44 70 404027236
44 71 547435607
44 72 753176435
44 73 800183918
44 74 620356542
44 75 380930993
44 76 361659395
44 77 993331163
44 78 370830209
44 79 258589115
44 80 28689528
44 81 631295545
44 82 519593508
44 83 912293726
44 84 976652910
44 85 5087656
44 86 172224653
44 87 795267910
44 88 636376524
44 89 739846825
44 90 833339253
44 91 866697558
44 92 300575084
44 93 205404956
44 94 18070248
44 95 20564140
44 96 618221272
44 97 813635297
44 98 673939704
44 99 666969777
45 47 727800348
45 48 401827692
45 49 839254485
45 50 748235052
45 51 153148711
45 52 203762034
45 53 685736928
45 54 827670253
45 55 62622913
45 56 33144303
45 57 776285110
45 58 48666102
45 59 659874305
45 60 626477478
45 61 549194963
45 62 271331374
45 63 313861088
45 64 108003971
45 65 491556491
45 66 346008193
45 67 757138
45 68 513251819
45 69 657896879
45 70 682595685
45 71 918552732
45 72 228776529
45 73 109634469
45 74 331507146
45 75 619274931
45 76 230357821
45 77 255702572
45 78 341800527
45 79 726547791
45 80 362325634
45 81 677827230
45 82 322892856
45 83 935350024
45 84 160106923
45 85 55707720
45 86 626271093
45 87 818314131
45 88 174783251
45 89 162370931
45 90 981018450
45 91 754469884
45 92 130957440
45 93 739903208
45 94 422599060
45 95 969391637
45 96 560553845
45 97 212235398
45 98 193533420
45 99 755987520
46 48 255912670
46 49 531443576
46 50 708574869
46 51 57023082
46 52 932510752
46 53 997663834
46 54 544428135
46 55 298194416
46 56 70751111
46 57 712607782
46 58 467618187
46 59 936300947
46 60 695558775
46 61 831708949
46 62 428707806
46 63 145858699
46 64 69744914
46 65 122180696
46 66 274078448
46 67 721089931
46 68 56770127
46 69 127722586
46 70 213211119
46 71 915718631
46 72 67852102
46 73 805116537
46 74 8410022
46 75 31805930
46 76 411706474
46 77 242185752
46 78 163138387
46 79 811796862
46 80 885772331
46 81 668014003
46 82 884732690
46 83 79582146
46 84 642412153
46 85 13517019
46 86 952322328
46 87 974284184
46 88 957963943
46 89 554565089
46 90 966542369
46 91 25898415
46 92 571392970
46 93 998774400
46 94 773511503
46 95 606403290
46 96 279641861
46 97 575043272
46 98 182179027
46 99 143112383
47 49 598191131
47 50 63943954
47 51 992071574
47 52 807138852
47 53 627461584
47 54 72743551
47 55 53570322
47 56 607792206
47 57 218211041
47 58 588295238
47 59 881599409
47 60 420172982
47 61 446526169
47 62 378400165
47 63 762934240
47 64 576730374
47 65 71179812
47 66 342826870
47 67 579007223
47 68 331007786
47 69 568093138
47 70 633564192
47 71 533285618
47 72 957225090
47 73 563362591
47 74 178847568
47 75 793561975
47 76 162246304
47 77 256193830
47 78 480168421
47 79 579146512
47 80 565286421
47 81 185607895
47 82 269297175
47 83 333202058
47 84 732589655
47 85 506369213
47 86 671766517
47 87 527601737
47 88 294855090
47 89 254238383
47 90 49318763
47 91 839695968
47 92 538507650
47 93 343139736
47 94 170968944
47 95 515785357
47 96 262699843
47 97 123081227
47 98 235520590
47 99 665623337
48 50 286894258
48 51 997410066
48 52 934841588
48 53 40755156
48 54 238701352
48 55 254831290
48 56 58105874
48 57 704650254
48 58 841643822
48 59 706357694
48 60 882223387
48 61 946586303
48 62 550451105
48 63 658864630
48 64 195235764
48 65 122418333
48 66 908599051
48 67 614665409
48 68 2598124
48 69 953914713
48 70 443225168
48 71 441498328
48 72 881801611
48 73 688771153
48 74 549049169
48 75 448209477
48 76 322084786
48 77 697796453
48 78 589124584
48 79 57293780
48 80 385362056
48 81 854137799
48 82 637191520
48 83 236320033
48 84 823581275
48 85 261463777
48 86 431723472
48 87 273508799
48 88 244671393
48 89 872194254
48 90 632210812
48 91 396924157
48 92 793750505
48 93 122997180
48 94 717084188
48 95 563405769
48 96 975772039
48 97 564528310
48 98 687486710
48 99 587992360
49 51 152335768
49 52 219716421
49 53 933666443
49 54 743208373
49 55 627280806
49 56 450122515
49 57 618165402
49 58 750998986
49 59 505895269
49 60 181312382
49 61 916136240
49 62 743738144
49 63 438471761
49 64 837447727
49 65 571053475
49 66 59539919
49 67 184533525
49 68 300827673
49 69 56791104
49 70 593354005
49 71 436561279
49 72 610494779
49 73 226804403
49 74 560535872
49 75 311872433
49 76 309329219
49 77 711202493
49 78 107409964
49 79 798872388
49 80 978721088
49 81 477355109
49 82 773774151
49 83 306164242
49 84 130076495
49 85 101266924
49 86 808155249
49 87 387254849
49 88 975548594
49 89 311046877
49 90 242909775
49 91 102260525
49 92 601282829
49 93 864952580
49 94 56574559
49 95 433814839
49 96 248430615
49 97 912254990
49 98 538042396
49 99 217310025
50 52 821873408
50 53 727254425
50 54 167807637
50 55 81356022
50 56 101338223
50 57 254973724
50 58 171200186
50 59 871603758
50 60 40529890
50 61 589569817
50 62 802142652
50 63 4493454
50 64 686769915
50 65 827021986
50 66 842612005
50 67 580860621
50 68 357902794
50 69 676760401
50 70 32138711
50 71 992703963
50 72 350378827
50 73 893943660
50 74 205588223
50 75 481144198
50 76 29689325
50 77 815182144
50 78 73904447
50 79 286352560
50 80 805366615
50 81 771915946
50 82 301950300
50 83 199413110
50 84 146849929
50 85 602877967
50 86 406949891
50 87 243997258
50 88 865322845
50 89 420534592
50 90 735684376
50 91 319929841
50 92 156333704
50 93 996567429
50 94 301186107
50 95 868424661
50 96 841275309
50 97 415382945
50 98 837002121
50 99 138126626
51 53 7037936
51 54 807932743
51 55 131516414
51 56 739180942
51 57 49405814
51 58 28094330
51 59 107813134
51 60 114092166
51 61 851658858
51 62 461087245
51 63 362902943
51 64 899793738
51 65 313749990
51 66 731845615
51 67 518176424
51 68 181602272
51 69 944072367
51 70 845549226
51 71 241826398
51 72 65016541
51 73 486163048
51 74 59598649
51 75 890725126
51 76 774856639
51 77 798922453
51 78 399441759
51 79 41072890
51 80 618815692
51 81 370047972
51 82 111009563
51 83 830363494
51 84 358049508
51 85 526207303
51 86 979165895
51 87 781654575
51 88 537129004
51 89 190091667
51 90 641222146
51 91 390586251
51 92 982294093
51 93 331858329
51 94 504341943
51 95 726522309
51 96 324379732
51 97 563487610
51 98 521736516
51 99 908879588
52 54 565579777
52 55 711986351
52 56 884528455
52 57 132383641
52 58 982983378
52 59 141448887
52 60 248408032
52 61 22352926
52 62 831547252
52 63 612774668
52 64 399748933
52 65 692703556
52 66 866103812
52 67 434984536
52 68 361065888
52 69 124213649
52 70 978186641
52 71 384782593
52 72 974779900
52 73 121843785
52 74 836025939
52 75 590709160
52 76 563715535
52 77 612963563
52 78 998965690
52 79 248798363
52 80 920448362
52 81 630908748
52 82 472117340
52 83 538465221
52 84 131946394
52 85 733048601
52 86 934973152
52 87 862439797
52 88 239138685
52 89 984212281
52 90 924320455
52 91 817660717
52 92 777899767
52 93 18813179
52 94 300497209
52 95 510934057
52 96 699678310
52 97 638524883
52 98 916258669
52 99 644593100
53 55 549482398
53 56 489456677
53 57 968407550
53 58 187545004
53 59 803628445
53 60 680366107
53 61 660462283
53 62 261792099
53 63 95406
53 64 471932233
53 65 134439717
53 66 53203540
53 67 891614266
53 68 558622987
53 69 531673005
53 70 38632876
53 71 70651670
53 72 592496082
53 73 442635454
53 74 524282120
53 75 440449082
53 76 463838937
53 77 128192679
53 78 663967777
53 79 461791114
53 80 489710256
53 81 686705829
53 82 87447770
53 83 918806941
53 84 446324367
53 85 532828713
53 86 986968798
53 87 64246904
53 88 53668789
53 89 890982350
53 90 993402143
53 91 479868925
53 92 187652493
53 93 282143796
53 94 682546544
53 95 537588300
53 96 179110830
53 97 637229455
53 98 384700584
53 99 906455488
54 56 10534093
54 57 4797228
54 58 96509158
54 59 761266163
54 60 564538718
54 61 316609825
54 62 738347537
54 63 271080279
54 64 647106707
54 65 762756285
54 66 24517057
54 67 986801263
54 68 967619457
54 69 349785599
54 70 375961744
54 71 974286257
54 72 27301769
54 73 716387295
54 74 352051259
54 75 436462262
54 76 61538498
54 77 303408307
54 78 79319931
54 79 890212247
54 80 209791895
54 81 232619887
54 82 403541223
54 83 622666592
54 84 708072650
54 85 770066717
54 86 452065308
54 87 498617742
54 88 163390940
54 89 30773494
54 90 856063738
54 91 995004295
54 92 679125067
54 93 451155688
54 94 218697412
54 95 168463981
54 96 386218304
54 97 363062734
54 98 455878511
54 99 983178698
55 57 370113708
55 58 469147203
55 59 434069737
55 60 766567962
55 61 679969069
55 62 204686998
55 63 52805924
55 64 234374639
55 65 634510779
55 66 430972160
55 67 608841869
55 68 775992981
55 69 668511004
55 70 787041538
55 71 406165846
55 72 546198584
55 73 240528342
55 74 347354792
55 75 641975079
55 76 466692578
55 77 249993025
55 78 688400649
55 79 771396933
55 80 122699246
55 81 925792828
55 82 743775211
55 83 252872713
55 84 773349341
55 85 231455753
55 86 637577704
55 87 396361063
55 88 145870443
55 89 923547694
55 90 106227352
55 91 33922279
55 92 329379079
55 93 479943283
55 94 481061095
55 95 229771730
55 96 976503838
55 97 963739142
55 98 609447352
55 99 880448276
56 58 767120539
56 59 277309012
56 60 825737483
56 61 302436740
56 62 262705497
56 63 438268567
56 64 995056227
56 65 189545567
56 66 105958889
56 67 254506395
56 68 152812841
56 69 585169420
56 70 575097257
56 71 922545125
56 72 400855113
56 73 508686683
56 74 23857883
56 75 765926793
56 76 934444588
56 77 990192030
56 78 903097936
56 79 672781510
56 80 892376093
56 81 502771769
56 82 788723142
56 83 512132443
56 84 437189978
56 85 258949849
56 86 316886611
56 87 633130489
56 88 1267706
56 89 553881452
56 90 230996670
56 91 857089058
56 92 100533314
56 93 577506080
56 94 164802941
56 95 48008053
56 96 805617858
56 97 960414876
56 98 615814876
56 99 149121795
57 59 775987986
57 60 122227800
57 61 128829091
57 62 723660191
57 63 811313549
57 64 32925419
57 65 577729995
57 66 793224942
57 67 35556046
57 68 337295152
57 69 398451784
57 70 998292305
57 71 288248660
57 72 962764801
57 73 298984371
57 74 584115228
57 75 475339867
57 76 446063219
57 77 590479296
57 78 733853764
57 79 11208979
57 80 57352414
57 81 994574109
57 82 596621760
57 83 565170174
57 84 793149295
57 85 430801689
57 86 812067906
57 87 316082910
57 88 249813191
57 89 625505897
57 90 248932495
57 91 216226411
57 92 456841333
57 93 712217884
57 94 826149407
57 95 139553037
57 96 807057158
57 97 170527051
57 98 54091884
57 99 105657488
58 60 224074101
58 61 132528963
58 62 304354281
58 63 506214199
58 64 26854892
58 65 309745465
58 66 889439974
58 67 732734654
58 68 936133993
58 69 586331373
58 70 749613800
58 71 822778426
58 72 456323865
58 73 886361844
58 74 572736118
58 75 21508520
58 76 405501252
58 77 101575947
58 78 73516355
58 79 332275411
58 80 580268419
58 81 446177240
58 82 955817345
58 83 206488612
58 84 246120165
58 85 546288137
58 86 160193780
58 87 425176758
58 88 790900069
58 89 407174357
58 90 992412975
58 91 367171706
58 92 141728262
58 93 718900737
58 94 453392260
58 95 239465083
58 96 503346207
58 97 386448643
58 98 214487514
58 99 928909302
59 61 995680187
59 62 767247775
59 63 315724767
59 64 769248367
59 65 321900546
59 66 385520697
59 67 364142130
59 68 856928373
59 69 983009238
59 70 229048041
59 71 575530985
59 72 170427412
59 73 739419793
59 74 632752193
59 75 561735098
59 76 300709819
59 77 422093289
59 78 359433872
59 79 92621726
59 80 223781838
59 81 408616626
59 82 356312354
59 83 890926094
59 84 547657369
59 85 932469973
59 86 843332004
59 87 989417834
59 88 934749813
59 89 689562816
59 90 555066200
59 91 321888488
59 92 836582486
59 93 133482878
59 94 989482928
59 95 585737115
59 96 536046790
59 97 474429398
59 98 165441837
59 99 120207899
60 62 893300908
60 63 249387614
60 64 76150638
60 65 143990616
60 66 184146894
60 67 932453135
60 68 842851146
60 69 522878910
60 70 527932754
60 71 20440536
60 72 843290996
60 73 988244002
60 74 458500868
60 75 469737300
60 76 624440290
60 77 30012600
60 78 452141762
60 79 862668610
60 80 731281430
60 81 251114075
60 82 216708954
60 83 966007153
60 84 115869105
60 85 516392205
60 86 418319155
60 87 354077599
60 88 981711289
60 89 169057991
60 90 536139447
60 91 565474249
60 92 675754677
60 93 164036636
60 94 925458194
60 95 487315266
60 96 128209080
60 97 596299602
60 98 936838648
60 99 862813560
61 63 933229004
61 64 377203476
61 65 221083266
61 66 554137206
61 67 287221837
61 68 633323678
61 69 679601994
61 70 536543036
61 71 504421712
61 72 668371292
61 73 395451143
61 74 362656457
61 75 42360825
61 76 711464962
61 77 81304251
61 78 942108779
61 79 472073576
61 80 582326668
61 81 893042745
61 82 700016437
61 83 403029343
61 84 722194220
61 85 951678573
61 86 106758419
61 87 687216499
61 88 315108464
61 89 843200386
61 90 525543754
61 91 779148992
61 92 846630812
61 93 685863778
61 94 32839659
61 95 379306454
61 96 301783044
61 97 256213831
61 98 100500513
61 99 18252286
62 64 49458209
62 65 168230292
62 66 338002510
62 67 639495336
62 68 126481174
62 69 451659742
62 70 995248981
62 71 294928674
62 72 414421410
62 73 175973112
62 74 647839173
62 75 579008036
62 76 398628653
62 77 671212942
62 78 94453094
62 79 742724278
62 80 399739812
62 81 722830937
62 82 490541191
62 83 381925178
62 84 486815510
62 85 195363512
62 86 711998115
62 87 275223559
62 88 111420617
62 89 467421247
62 90 817789505
62 91 168298218
62 92 166456253
62 93 364747231
62 94 610315747
62 95 229869860
62 96 994402107
62 97 489806264
62 98 488988834
62 99 110194234
63 65 854422928
63 66 203619131
63 67 888494209
63 68 17762538
63 69 751049175
63 70 864756334
63 71 842335196
63 72 980981161
63 73 17366494
63 74 466736670
63 75 960487488
63 76 165411378
63 77 464789683
63 78 158959924
63 79 238913633
63 80 338858416
63 81 417772924
63 82 46789139
63 83 685008826
63 84 329585617
63 85 727489436
63 86 818660488
63 87 389101643
63 88 421087183
63 89 384083155
63 90 488087988
63 91 918305262
63 92 712978240
63 93 148672642
63 94 516517490
63 95 257848433
63 96 99962828
63 97 30021104
63 98 319260808
63 99 521641798
64 66 283945366
64 67 705155822
64 68 987646471
64 69 714140101
64 70 386906732
64 71 166732495
64 72 864189881
64 73 685546590
64 74 618846097
64 75 237607052
64 76 358703267
64 77 410564965
64 78 239851477
64 79 670102447
64 80 998718851
64 81 212920427
64 82 103707970
64 83 287841568
64 84 465628140
64 85 996792140
64 86 541230828
64 87 106327228
64 88 136064965
64 89 139404653
64 90 245458265
64 91 525126829
64 92 563448187
64 93 299176473
64 94 811443460
64 95 149632477
64 96 186791744
64 97 278438014
64 98 143254717
64 99 913295632
65 67 66419252
65 68 970164093
65 69 631485187
65 70 109319576
65 71 617407736
65 72 86416288
65 73 443140173
65 74 25898920
65 75 934940363
65 76 834670887
65 77 492510251
65 78 453208459
65 79 881438740
65 80 943154247
65 81 741370854
65 82 599919890
65 83 573814755
65 84 513017162
65 85 769586154
65 86 800229278
65 87 948458632
65 88 144393970
65 89 69496425
65 90 154039592
65 91 607947886
65 92 504499207
65 93 509252974
65 94 29827230
65 95 417267710
65 96 642654142
65 97 983376963
65 98 190370526
65 99 852891723
66 68 680608608
66 69 61017932
66 70 333202240
66 71 176472113
66 72 235282551
66 73 514526642
66 74 314624508
66 75 85802992
66 76 692536500
66 77 404967302
66 78 219720514
66 79 653663245
66 80 180709551
66 81 238307970
66 82 870615447
66 83 732033791
66 84 4598550
66 85 441951258
66 86 763556316
66 87 925417449
66 88 496146881
66 89 830723373
66 90 269687940
66 91 513412243
66 92 455408867
66 93 496027353
66 94 930940266
66 95 639509324
66 96 934153145
66 97 745852466
66 98 626813844
66 99 337477140
67 69 790681905
67 70 255837223
67 71 282768938
67 72 723150164
67 73 731402264
67 74 89943066
67 75 138877061
67 76 106446627
67 77 224762679
67 78 778024147
67 79 559003048
67 80 340077431
67 81 677610491
67 82 867356706
67 83 228273046
67 84 717919408
67 85 666517954
67 86 670593989
67 87 694351586
67 88 964732180
67 89 601406544
67 90 805735650
67 91 609118736
67 92 361886653
67 93 81827056
67 94 21050806
67 95 216887448
67 96 234085273
67 97 94389388
67 98 780541740
67 99 319826478
68 70 927666356
68 71 960715666
68 72 690352071
68 73 405154218
68 74 961831121
68 75 527677322
68 76 742493229
68 77 612759322
68 78 835240742
68 79 986944915
68 80 474349737
68 81 414897186
68 82 458144365
68 83 524911206
68 84 470975166
68 85 955136251
68 86 636718385
68 87 507940992
68 88 837515455
68 89 858718178
68 90 875441952
68 91 531271651
68 92 240770972
68 93 367870770
68 94 215999385
68 95 617798551
68 96 624262677
68 97 287805648
68 98 149640627
68 99 970595499
69 71 819270417
69 72 845051889
69 73 806791700
69 74 743528415
69 75 420734582
69 76 235406093
69 77 835127715
69 78 995807991
69 79 13458002
69 80 790475807
69 81 194101218
69 82 927889356
69 83 311622134
69 84 819531486
69 85 704932894
69 86 186670911
69 87 472538455
69 88 518218983
69 89 626841134
69 90 39421034
69 91 698126753
69 92 238313358
69 93 298364370
69 94 489991226
69 95 613931026
69 96 639351960
69 97 492263307
69 98 258741983
69 99 242049975
70 72 94644310
70 73 300836791
70 74 484739797
70 75 189395146
70 76 399595077
70 77 77503829
70 78 351146281
70 79 825742065
70 80 159137498
70 81 571872347
70 82 734838655
70 83 568725127
70 84 687893604
70 85 360892007
70 86 122206772
70 87 140963634
70 88 874252567
70 89 402540872
70 90 591431758
70 91 938446439
70 92 475193887
70 93 438056078
70 94 108093576
70 95 411901601
70 96 207489545
70 97 794035308
70 98 98558766
70 99 351366710
71 73 607185937
71 74 718202136
71 75 78855663
71 76 658731636
71 77 981155488
71 78 250683022
71 79 214148078
71 80 980508181
71 81 886421084
71 82 728318137
71 83 325068901
71 84 280790114
71 85 549072680
71 86 384580649
71 87 833891277
71 88 573695875
71 89 861323962
71 90 622321658
71 91 853927798
71 92 813410213
71 93 701230378
71 94 169133550
71 95 164728376
71 96 902592097
71 97 978208827
71 98 203720187
71 99 767550473
72 74 171179191
72 75 985964828
72 76 705997701
72 77 614719360
72 78 630758812
72 79 181973641
72 80 426109709
72 81 353162245
72 82 628179313
72 83 269561626
72 84 155265139
72 85 690340880
72 86 383573868
72 87 207638359
72 88 974666657
72 89 752042271
72 90 791693698
72 91 582663454
72 92 77544380
72 93 757966775
72 94 301988032
72 95 325312813
72 96 705342331
72 97 615005654
72 98 78094408
72 99 330912284
73 75 984188658
73 76 320855882
73 77 870126005
73 78 634553130
73 79 396538093
73 80 45032620
73 81 906832942
73 82 801205667
73 83 397109798
73 84 56262419
73 85 413859072
73 86 222861076
73 87 769659065
73 88 121781564
73 89 347268563
73 90 41578563
73 91 435349493
73 92 277966060
73 93 678931112
73 94 210743047
73 95 777499054
73 96 438108585
73 97 191177005
73 98 248146792
73 99 459931888
74 76 38689684
74 77 102261077
74 78 683434772
74 79 316086161
74 80 695411626
74 81 290864528
74 82 343208993
74 83 486426582
74 84 803545063
74 85 461820298
74 86 744028348
74 87 423096494
74 88 775166970
74 89 974881730
74 90 858483135
74 91 35110672
74 92 562811889
74 93 263012289
74 94 568726611
74 95 627933111
74 96 909608488
74 97 655066322
74 98 787741821
74 99 162035414
75 77 91281128
75 78 525910832
75 79 350779312
75 80 198017838
75 81 485821009
75 82 543511809
75 83 918818028
75 84 725495109
75 85 626941776
75 86 629261376
75 87 400594465
75 88 160722971
75 89 635586144
75 90 367268596
75 91 861981723
75 92 610516834
75 93 364818
75 94 615365716
75 95 983408108
75 96 258835571
75 97 854357171
75 98 336710772
75 99 545797120
76 78 466253237
76 79 4272
76 80 904358771
76 81 686871907
76 82 829174713
76 83 189962269
76 84 410484957
76 85 219939988
76 86 752487490
76 87 508624413
76 88 636398720
76 89 491935341
76 90 361327553
76 91 568142794
76 92 167751328
76 93 140295493
76 94 904185689
76 95 918276642
76 96 573493262
76 97 276072538
76 98 498879065
76 99 891116540
77 79 583899654
77 80 898338789
77 81 762590369
77 82 75859623
77 83 746793590
77 84 810481439
77 85 515350596
77 86 611052751
77 87 830877936
77 88 60814775
77 89 984785706
77 90 72944055
77 91 746824049
77 92 223685148
77 93 903309354
77 94 295160836
77 95 200492547
77 96 338413188
77 97 440045351
77 98 386465996
77 99 870306461
78 80 464651821
78 81 272182405
78 82 948617439
78 83 56913651
78 84 831768589
78 85 306150766
78 86 545685177
78 87 368650353
78 88 109222644
78 89 441703854
78 90 975837351
78 91 46077870
78 92 794288439
78 93 337381976
78 94 407910942
78 95 474032929
78 96 148948776
78 97 331698801
78 98 727935817
78 99 965098583
79 81 862326903
79 82 738139646
79 83 790347087
79 84 447225898
79 85 116479038
79 86 617547017
79 87 201130297
79 88 807252192
79 89 716749907
79 90 266039068
79 91 583504625
79 92 59757495
79 93 106292715
79 94 4808829
79 95 904344062
79 96 259395296
79 97 844002284
79 98 668319305
79 99 916659943
80 82 379215151
80 83 383563558
80 84 650747709
80 85 946971929
80 86 713852911
80 87 212242204
80 88 179533311
80 89 196003930
80 90 865882262
80 91 855768897
80 92 692573401
80 93 881449717
80 94 791594968
80 95 139868577
80 96 205805490
80 97 404093845
80 98 118009655
80 99 789434866
81 83 166804272
81 84 879611759
81 85 961801287
81 86 172268496
81 87 625241862
81 88 587698236
81 89 998842493
81 90 187614056
81 91 408416377
81 92 536761462
81 93 926591396
81 94 599335130
81 95 454045537
81 96 2985984
81 97 467476586
81 98 454578466
81 99 809226101
82 84 893875107
82 85 35705421
82 86 879490786
82 87 345671165
82 88 721491152
82 89 954631614
82 90 675472580
82 91 470712627
82 92 395773449
82 93 445514274
82 94 953876623
82 95 918297344
82 96 668249626
82 97 89993411
82 98 395021239
82 99 708928257
83 85 885114903
83 86 744526039
83 87 809978682
83 88 759673530
83 89 13102241
83 90 154902415
83 91 530561843
83 92 90318803
83 93 977486266
83 94 489193134
83 95 993955991
83 96 477253584
83 97 443135108
83 98 760892757
83 99 508101060
84 86 223627139
84 87 309545039
84 88 379592460
84 89 403737705
84 90 78387410
84 91 166100183
84 92 565941
84 93 681634571
84 94 595859644
84 95 335892927
84 96 645585809
84 97 871753606
84 98 242197630
84 99 523929079
85 87 144495522
85 88 360772994
85 89 312820231
85 90 675464036
85 91 995608604
85 92 678517747
85 93 198909049
85 94 460373364
85 95 718970648
85 96 296435284
85 97 141675821
85 98 302623206
85 99 540176516
86 88 776960909
86 89 107479300
86 90 62420532
86 91 720277793
86 92 106788066
86 93 521133574
86 94 600927682
86 95 614623764
86 96 957648444
86 97 546799987
86 98 954740876
86 99 718384758
87 89 242997947
87 90 220147807
87 91 205386150
87 92 578914588
87 93 98706109
87 94 515894626
87 95 661839637
87 96 910216340
87 97 725999528
87 98 277965152
87 99 443104966
88 90 592589636
88 91 666324839
88 92 965786254
88 93 496129496
88 94 362768929
88 95 767850551
88 96 526406818
88 97 798430185
88 98 137845079
88 99 764883643
89 91 542569800
89 92 120456751
89 93 584926925
89 94 624898157
89 95 764934734
89 96 652761389
89 97 686611901
89 98 520292730
89 99 611694825
90 92 950790548
90 93 396378098
90 94 8701644
90 95 345840795
90 96 219337314
90 97 37456355
90 98 32428508
90 99 299911819
91 93 868361007
91 94 808067426
91 95 220041314
91 96 991549293
91 97 206087583
91 98 591207576
91 99 815186211
92 94 318731293
92 95 311110228
92 96 644133940
92 97 144515448
92 98 487113389
92 99 445954598
93 95 334416647
93 96 149592839
93 97 985796474
93 98 227340754
93 99 617472930
94 96 566508448
94 97 769889898
94 98 751903020
94 99 184313856
95 97 996203999
95 98 575188426
95 99 648826949
96 98 446418359
96 99 813291220
97 99 659185066
1